{
 "cells": [
  {
   "cell_type": "code",
   "execution_count": 22,
   "metadata": {},
   "outputs": [],
   "source": [
    "import numpy as np"
   ]
  },
  {
   "cell_type": "code",
   "execution_count": 23,
   "metadata": {},
   "outputs": [
    {
     "data": {
      "text/plain": [
       "array([0, 1, 2, 3, 4, 5, 6, 7])"
      ]
     },
     "execution_count": 23,
     "metadata": {},
     "output_type": "execute_result"
    }
   ],
   "source": [
    "arr = np.arange(8)\n",
    "arr"
   ]
  },
  {
   "cell_type": "code",
   "execution_count": 24,
   "metadata": {},
   "outputs": [
    {
     "name": "stdout",
     "output_type": "stream",
     "text": [
      "[[0 1 2 3]\n",
      " [4 5 6 7]]\n",
      "[[0 1]\n",
      " [2 3]\n",
      " [4 5]\n",
      " [6 7]]\n"
     ]
    }
   ],
   "source": [
    "arr.shape = (2, 4)\n",
    "print(arr)\n",
    "\n",
    "arr.shape = (4, 2)\n",
    "print(arr)"
   ]
  },
  {
   "cell_type": "code",
   "execution_count": 25,
   "metadata": {},
   "outputs": [
    {
     "name": "stdout",
     "output_type": "stream",
     "text": [
      "[[0 1 2 3]\n",
      " [4 5 6 7]]\n",
      "[[0 1]\n",
      " [2 3]\n",
      " [4 5]\n",
      " [6 7]]\n"
     ]
    }
   ],
   "source": [
    "print(arr.reshape((2, 4)))\n",
    "print(arr)"
   ]
  },
  {
   "cell_type": "code",
   "execution_count": 26,
   "metadata": {},
   "outputs": [
    {
     "name": "stdout",
     "output_type": "stream",
     "text": [
      "[0 1 2 3 4 5 6 7 8 9]\n",
      "[[0 1 2 3 4]\n",
      " [5 6 7 8 9]]\n",
      "[[0 2 4 6 8]\n",
      " [1 3 5 7 9]]\n"
     ]
    }
   ],
   "source": [
    "arr = np.arange(10)\n",
    "print(arr)\n",
    "\n",
    "arr_new = arr.reshape((2, 5))\n",
    "print(arr_new)\n",
    "\n",
    "print(arr.reshape((2, 5), order='F'))"
   ]
  },
  {
   "cell_type": "code",
   "execution_count": 27,
   "metadata": {},
   "outputs": [
    {
     "name": "stdout",
     "output_type": "stream",
     "text": [
      "[[0 1 2]\n",
      " [3 4 5]]\n",
      "[[0 3]\n",
      " [1 4]\n",
      " [2 5]]\n"
     ]
    }
   ],
   "source": [
    "# Транспонирование массива\n",
    "# При транспонировании одномерного массива его форма не меняется\n",
    "\n",
    "arr = np.arange(6)\n",
    "arr.shape = (2, 3)\n",
    "print(arr)\n",
    "\n",
    "print(arr.transpose())"
   ]
  },
  {
   "cell_type": "code",
   "execution_count": 29,
   "metadata": {},
   "outputs": [
    {
     "data": {
      "text/plain": [
       "iinfo(min=-32768, max=32767, dtype=int16)"
      ]
     },
     "execution_count": 29,
     "metadata": {},
     "output_type": "execute_result"
    }
   ],
   "source": [
    "np.iinfo(np.int16)"
   ]
  },
  {
   "cell_type": "code",
   "execution_count": 30,
   "metadata": {},
   "outputs": [],
   "source": [
    "mystery = np.array([[-13586,  15203,  28445, -27117,  -1781, -17182, -18049],\n",
    "       [ 25936, -30968,  -1297,  -4593,   6451,  15790,   7181],\n",
    "       [ 13348,  28049,  28655,  -6012,  21762,  25397,   8225],\n",
    "       [ 13240,   7994,  32592,  20149,  13754,  11795,   -564],\n",
    "       [-21725,  -8681,  30305,  22260, -17918,  12578,  29943],\n",
    "       [-16841, -25392, -17278,  11740,   5916,    -47, -32037]],\n",
    "      dtype=np.int16)"
   ]
  },
  {
   "cell_type": "code",
   "execution_count": 46,
   "metadata": {},
   "outputs": [
    {
     "name": "stdout",
     "output_type": "stream",
     "text": [
      "[13240  7994 32592 20149 13754 11795  -564]\n"
     ]
    },
    {
     "data": {
      "text/plain": [
       "array([[-13586,  25936,  13348,  13240, -21725, -16841],\n",
       "       [ 15203, -30968,  28049,   7994,  -8681, -25392],\n",
       "       [ 28445,  -1297,  28655,  32592,  30305, -17278],\n",
       "       [-27117,  -4593,  -6012,  20149,  22260,  11740],\n",
       "       [ -1781,   6451,  21762,  13754, -17918,   5916],\n",
       "       [-17182,  15790,  25397,  11795,  12578,    -47],\n",
       "       [-18049,   7181,   8225,   -564,  29943, -32037]], dtype=int16)"
      ]
     },
     "execution_count": 46,
     "metadata": {},
     "output_type": "execute_result"
    }
   ],
   "source": [
    "elem_5_3 = mystery[4, 2]\n",
    "elem_5_3\n",
    "\n",
    "last = mystery[-1, -1]\n",
    "last\n",
    "\n",
    "line_4 = mystery[3]\n",
    "print(line_4)\n",
    "\n",
    "col_2 = mystery[:, -2]\n",
    "col_2\n",
    "\n",
    "part = mystery[1:4, 2:5]\n",
    "part\n",
    "\n",
    "rev = mystery[::-1, -1]\n",
    "rev\n",
    "\n",
    "trans = np.transpose(mystery)\n",
    "trans"
   ]
  },
  {
   "cell_type": "code",
   "execution_count": 55,
   "metadata": {},
   "outputs": [],
   "source": [
    "mystery = np.array([ 12279., -26024.,  28745.,  np.nan,  31244.,  -2365.,  -6974.,\n",
    "        -9212., np.nan, -17722.,  16132.,  25933.,  np.nan, -16431.,\n",
    "        29810.], dtype=np.float32)\n"
   ]
  },
  {
   "cell_type": "code",
   "execution_count": 85,
   "metadata": {},
   "outputs": [],
   "source": [
    "mystery = np.array([ 12279., -26024.,  28745.,  np.nan,  31244.,  -2365.,  -6974.,\n",
    "        -9212., np.nan, -17722.,  16132.,  25933.,  np.nan, -16431.,\n",
    "        29810.], dtype=np.float32)\n",
    "\n",
    "nans_index = np.isnan(mystery)\n",
    "n_nan = np.sum(nans_index)\n",
    "\n",
    "mystery[nans_index] = n_nan\n",
    "\n",
    "mystery_new = mystery.copy()\n",
    "\n",
    "mystery_new[nans_index] = 0\n",
    "\n",
    "mystery.dtype = np.int32\n",
    "\n",
    "mystery_int = mystery\n",
    "\n",
    "array = np.sort(mystery_new)\n",
    "\n",
    "table = array.reshape((5, 3), order='F') \n",
    "\n",
    "col = table[:, 1]\n"
   ]
  }
 ],
 "metadata": {
  "kernelspec": {
   "display_name": "Python 3",
   "language": "python",
   "name": "python3"
  },
  "language_info": {
   "codemirror_mode": {
    "name": "ipython",
    "version": 3
   },
   "file_extension": ".py",
   "mimetype": "text/x-python",
   "name": "python",
   "nbconvert_exporter": "python",
   "pygments_lexer": "ipython3",
   "version": "3.9.13 (tags/v3.9.13:6de2ca5, May 17 2022, 16:36:42) [MSC v.1929 64 bit (AMD64)]"
  },
  "orig_nbformat": 4,
  "vscode": {
   "interpreter": {
    "hash": "5e4b12a92563b6c688ef0c9c2d7a30db9fe64b969b648f905de0fc95c1223ca1"
   }
  }
 },
 "nbformat": 4,
 "nbformat_minor": 2
}
